<?xml version="1.0"?>
<opencv_storage>
<calibrationDate>"2017年07月30日 16時44分55秒"</calibrationDate>
<framesCount>30</framesCount>
<cameraResolution>
  640 480</cameraResolution>
<cameraMatrix type_id="opencv-matrix">
  <rows>3</rows>
  <cols>3</cols>
  <dt>d</dt>
  <data>
    4.6382744514937451e+02 0. 2.9911558307940288e+02 0.
    4.6382744514937451e+02 2.3428974964727618e+02 0. 0. 1.</data></cameraMatrix>
<cameraMatrix_std_dev type_id="opencv-matrix">
  <rows>4</rows>
  <cols>1</cols>
  <dt>d</dt>
  <data>
    0. 7.6986474370259010e+00 4.8872167223202129e-01
    6.9403800139583849e-01</data></cameraMatrix_std_dev>
<dist_coeffs type_id="opencv-matrix">
  <rows>1</rows>
  <cols>5</cols>
  <dt>d</dt>
  <data>
    1.7889514906839621e-01 -3.6632347394259096e-01 0. 0.
    1.9468864479919215e-01</data></dist_coeffs>
<dist_coeffs_std_dev type_id="opencv-matrix">
  <rows>5</rows>
  <cols>1</cols>
  <dt>d</dt>
  <data>
    6.9620348279837135e-03 2.8200891855485365e-02 0. 0.
    2.5169907451182374e-02</data></dist_coeffs_std_dev>
<avg_reprojection_error>1.9998389865216495e-01</avg_reprojection_error>
</opencv_storage>
