<?xml version="1.0"?>
<opencv_storage>
<calibration_time>"2016年01月22日 18時19分20秒"</calibration_time>
<nr_of_frames>23</nr_of_frames>
<image_width>1440</image_width>
<image_height>1440</image_height>
<board_width>9</board_width>
<board_height>6</board_height>
<square_size>50.</square_size>
<fix_aspect_ratio>1.</fix_aspect_ratio>
<!-- flags: +fix_skew +fix_k2 +fix_k3 +fix_k4 +recompute_extrinsic -->
<flags>234</flags>
<fisheye_model>1</fisheye_model>
<camera_matrix type_id="opencv-matrix">
  <rows>3</rows>
  <cols>3</cols>
  <dt>d</dt>
  <data>
    3.8730087378220844e+02 0. 7.0879528737515818e+02 0.
    3.8378973692850309e+02 7.2057310017363363e+02 0. 0. 1.</data></camera_matrix>
<distortion_coefficients type_id="opencv-matrix">
  <rows>4</rows>
  <cols>1</cols>
  <dt>d</dt>
  <data>
    3.6046859244354502e-02 0. 0. 0.</data></distortion_coefficients>
<avg_reprojection_error>1.1588259707841527e+02</avg_reprojection_error>
<image_points type_id="opencv-matrix">
  <rows>23</rows>
  <cols>54</cols>
  <dt>"2f"</dt>
  <data>
    1.19230286e+03 8.14380188e+02 1.21645020e+03 8.18253357e+02
    1.24166089e+03 8.22201599e+02 1.26707312e+03 8.26390503e+02
    1.29293750e+03 8.30011292e+02 1.31835608e+03 8.33617432e+02
    1.34395837e+03 8.37369507e+02 1.36833203e+03 8.40209351e+02
    1.39167151e+03 8.43256226e+02 1.18699878e+03 8.42058472e+02
    1.21052771e+03 8.47201599e+02 1.23548218e+03 8.52679626e+02
    1.26069849e+03 8.58242065e+02 1.28622900e+03 8.63628113e+02
    1.31131616e+03 8.68657166e+02 1.33650598e+03 8.73810181e+02
    1.36086804e+03 8.79061646e+02 1.38421216e+03 8.83394348e+02
    1.18007422e+03 8.69344727e+02 1.20317712e+03 8.76065857e+02
    1.22764722e+03 8.83022522e+02 1.25250586e+03 8.90011536e+02
    1.27757910e+03 8.96728149e+02 1.30240137e+03 9.03597229e+02
    1.32718457e+03 9.10435364e+02 1.35120801e+03 9.16751892e+02
    1.37403027e+03 9.22704590e+02 1.17201514e+03 8.96497803e+02
    1.19468286e+03 9.04633911e+02 1.21850610e+03 9.12896362e+02
    1.24294800e+03 9.21286926e+02 1.26720642e+03 9.29467896e+02
    1.29148987e+03 9.37847168e+02 1.31558313e+03 9.46153442e+02
    1.33899292e+03 9.54303345e+02 1.36127026e+03 9.61393799e+02
    1.16321069e+03 9.22789429e+02 1.18516248e+03 9.32279175e+02
    1.20801343e+03 9.41680298e+02 1.23178625e+03 9.51540161e+02
    1.25538403e+03 9.61113281e+02 1.27881580e+03 9.70997986e+02
    1.30235706e+03 9.80457092e+02 1.32491663e+03 9.90357544e+02
    1.34643555e+03 9.98687683e+02 1.15319067e+03 9.48348999e+02
    1.17465735e+03 9.58895386e+02 1.19653088e+03 9.69561279e+02
    1.21912354e+03 9.80543518e+02 1.24197375e+03 9.91477112e+02
    1.26475281e+03 1.00246191e+03 1.28706079e+03 1.01351306e+03
    1.30853613e+03 1.02428259e+03 1.32945569e+03 1.03403003e+03
    2.33778473e+02 3.29598999e+02 2.69435364e+02 2.89811554e+02
    3.16714020e+02 2.46417526e+02 3.76294159e+02 2.02793884e+02
    4.47195312e+02 1.63343704e+02 5.30611267e+02 1.31219330e+02
    6.23259338e+02 1.10729858e+02 7.19555969e+02 1.04410942e+02
    8.12751587e+02 1.13238350e+02 2.71854309e+02 3.61517090e+02
    3.07027130e+02 3.28416595e+02 3.52743652e+02 2.92315521e+02
    4.08905670e+02 2.55593002e+02 4.74610382e+02 2.23298462e+02
    5.50337036e+02 1.97191589e+02 6.33367065e+02 1.80140472e+02
    7.19323669e+02 1.75198944e+02 8.02764526e+02 1.80691574e+02
    3.09365540e+02 3.93885315e+02 3.44728058e+02 3.66590393e+02
    3.88571655e+02 3.37270233e+02 4.41468506e+02 3.07968170e+02
    5.01554382e+02 2.82379089e+02 5.69497192e+02 2.61627533e+02
    6.43159790e+02 2.48137833e+02 7.19205078e+02 2.44028427e+02
    7.92712036e+02 2.47089005e+02 3.45691315e+02 4.25015167e+02
    3.80716797e+02 4.03148590e+02 4.22617126e+02 3.79804108e+02
    4.71777374e+02 3.56858795e+02 5.26565857e+02 3.36873077e+02
    5.87385010e+02 3.21009155e+02 6.51878723e+02 3.10619812e+02
    7.18408203e+02 3.07541779e+02 7.82989563e+02 3.07823212e+02
    3.79049408e+02 4.53625610e+02 4.13666138e+02 4.36051880e+02
    4.53436249e+02 4.18141357e+02 4.99047089e+02 4.00233643e+02
    5.48599304e+02 3.85267181e+02 6.02600220e+02 3.72718994e+02
    6.59784058e+02 3.65056000e+02 7.17538513e+02 3.61829010e+02
    7.74499329e+02 3.61220276e+02 4.09575653e+02 4.79813202e+02
    4.43072021e+02 4.65537872e+02 4.80807465e+02 4.51814270e+02
    5.22683228e+02 4.37832489e+02 5.67949158e+02 4.26636658e+02
    6.15805725e+02 4.17042694e+02 6.66194092e+02 4.10941742e+02
    7.16872803e+02 4.08435211e+02 7.66899414e+02 4.06540955e+02
    5.48703575e+01 6.86945007e+02 9.11440735e+01 6.88521545e+02
    1.32017548e+02 6.90452209e+02 1.74323944e+02 6.92752686e+02
    2.17426773e+02 6.94607788e+02 2.60357025e+02 6.96656189e+02
    3.02881866e+02 6.98461182e+02 3.44094360e+02 6.99445557e+02
    3.81659363e+02 7.01645691e+02 5.23288994e+01 7.44553162e+02
    8.90529556e+01 7.44230713e+02 1.29664093e+02 7.44108704e+02
    1.73036484e+02 7.43576782e+02 2.16799026e+02 7.42520569e+02
    2.60565002e+02 7.41890015e+02 3.03593781e+02 7.40649292e+02
    3.45222992e+02 7.39488159e+02 3.83628235e+02 7.38572876e+02
    5.51354256e+01 8.03451355e+02 9.18124313e+01 8.01432251e+02
    1.32558151e+02 7.98567505e+02 1.75549820e+02 7.95460571e+02
    2.19832718e+02 7.91630737e+02 2.63658142e+02 7.88003662e+02
    3.07010681e+02 7.84033997e+02 3.48716980e+02 7.79841064e+02
    3.87247070e+02 7.75959595e+02 6.36938553e+01 8.62041382e+02
    1.00086571e+02 8.58455139e+02 1.40281448e+02 8.53495789e+02
    1.83014038e+02 8.47530823e+02 2.26588242e+02 8.41280945e+02
    2.70201691e+02 8.34505127e+02 3.12617981e+02 8.27528259e+02
    3.54113373e+02 8.20456116e+02 3.92147095e+02 8.13621216e+02
    7.73796768e+01 9.18583435e+02 1.13228523e+02 9.13442627e+02
    1.52489487e+02 9.06417480e+02 1.94601257e+02 8.98030334e+02
    2.36760696e+02 8.89040222e+02 2.79380920e+02 8.79651611e+02
    3.21184692e+02 8.69920593e+02 3.61394379e+02 8.60363098e+02
    3.98518158e+02 8.50498108e+02 9.56271439e+01 9.72331726e+02
    1.30649033e+02 9.65453308e+02 1.68986053e+02 9.56798157e+02
    2.09608780e+02 9.46185242e+02 2.50402451e+02 9.34875610e+02
    2.91469299e+02 9.22677795e+02 3.31672668e+02 9.10709290e+02
    3.70359192e+02 8.98725403e+02 4.06147491e+02 8.86524780e+02
    8.48844452e+01 6.57645264e+02 1.27863068e+02 6.61288330e+02
    1.69612442e+02 6.65700195e+02 2.10266830e+02 6.69844727e+02
    2.48225143e+02 6.73567261e+02 2.83267883e+02 6.76893066e+02
    3.16250000e+02 6.79874756e+02 3.47325317e+02 6.82421997e+02
    3.73430023e+02 6.84933716e+02 8.26919708e+01 7.16945435e+02
    1.26549294e+02 7.16474487e+02 1.69392456e+02 7.16433350e+02
    2.10600372e+02 7.16429077e+02 2.49175125e+02 7.16324768e+02
    2.85017487e+02 7.16249817e+02 3.18407654e+02 7.16026123e+02
    3.49526917e+02 7.15409546e+02 3.75679749e+02 7.15703491e+02
    8.60187073e+01 7.77606628e+02 1.30190918e+02 7.72530396e+02
    1.73158417e+02 7.67923767e+02 2.14512848e+02 7.63527283e+02
    2.53143616e+02 7.59443359e+02 2.89001678e+02 7.55767456e+02
    3.22287445e+02 7.52591858e+02 3.53380219e+02 7.49279846e+02
    3.79537842e+02 7.46712280e+02 9.57927322e+01 8.38119263e+02
    1.38789352e+02 8.28748474e+02 1.81272461e+02 8.19437561e+02
    2.21813934e+02 8.10644531e+02 2.59562347e+02 8.02876648e+02
    2.94947876e+02 7.95485474e+02 3.27598907e+02 7.89031128e+02
    3.58401093e+02 7.82990417e+02 3.83908020e+02 7.77841064e+02
    1.11036041e+02 8.95920044e+02 1.52368912e+02 8.82578003e+02
    1.93083405e+02 8.69425903e+02 2.32470932e+02 8.56577942e+02
    2.69113403e+02 8.45088013e+02 3.02976166e+02 8.34483887e+02
    3.34838715e+02 8.24762878e+02 3.64580261e+02 8.16022461e+02
    3.89613525e+02 8.08269592e+02 1.31250763e+02 9.50701233e+02
    1.70183777e+02 9.33533569e+02 2.08725952e+02 9.16623169e+02
    2.45614532e+02 9.00360657e+02 2.80543610e+02 8.85563965e+02
    3.12908234e+02 8.71908691e+02 3.43569885e+02 8.59449890e+02
    3.71809265e+02 8.48266602e+02 3.96003784e+02 8.38302429e+02
