<?xml version="1.0"?>
<opencv_storage>
<calibration_time>"Sun Nov 22 13:42:21 2015"</calibration_time>
<nr_of_frames>25</nr_of_frames>
<image_width>2304</image_width>
<image_height>1536</image_height>
<board_width>9</board_width>
<board_height>6</board_height>
<square_size>50.</square_size>
<fix_aspect_ratio>1.</fix_aspect_ratio>
<!-- flags:  +fix_aspect_ratio +fix_principal_point +zero_tangent_dist -->
<flags>14</flags>
<camera_matrix type_id="opencv-matrix">
  <rows>3</rows>
  <cols>3</cols>
  <dt>d</dt>
  <data>
    1.3621356532170205e+03 0. 1.1515000000000000e+03 0.
    1.3621356532170205e+03 7.6750000000000000e+02 0. 0. 1.</data></camera_matrix>
<distortion_coefficients type_id="opencv-matrix">
  <rows>5</rows>
  <cols>1</cols>
  <dt>d</dt>
  <data>
    9.7697813792546342e-02 -2.4363323203224815e-01 0. 0.
    1.0010674402910991e-01</data></distortion_coefficients>
<avg_reprojection_error>1.0021554083563540e+00</avg_reprojection_error>
<per_view_reprojection_errors type_id="opencv-matrix">
  <rows>25</rows>
  <cols>1</cols>
  <dt>f</dt>
  <data>
    6.59095228e-01 6.57436967e-01 6.72849238e-01 7.46493757e-01
    1.06038415e+00 6.88923597e-01 7.76472330e-01 8.78209054e-01
    8.70927095e-01 1.13859439e+00 1.10422409e+00 1.01419520e+00
    1.00261581e+00 1.12470126e+00 1.13502872e+00 1.07744038e+00
    1.55241120e+00 2.02749324e+00 1.45355546e+00 9.39146996e-01
    3.64193380e-01 3.57775122e-01 4.83731210e-01 7.08351970e-01
    8.50872993e-01</data></per_view_reprojection_errors>
<extrinsic_parameters type_id="opencv-matrix">
  <rows>25</rows>
  <cols>6</cols>
  <dt>d</dt>
  <data>
    -2.1313141591458115e-01 -4.5679517390440107e-02
    -2.7900876765964266e-03 -1.6299844921295571e+02
    -5.8761615402616620e+01 8.3906598404780766e+02
    -1.9826604681128573e-01 -7.4002264167492324e-02
    -2.5129261714976207e-02 -1.7954617983716392e+02
    -6.5625299809382128e+01 8.4158255661245857e+02
    -2.0338834572353057e-01 -9.0191167654610008e-02
    -1.1323336847538489e-02 -1.6633563154407776e+02
    -6.9830843742578608e+01 8.6096587093529160e+02
    -1.8949477929122693e-01 -8.8484027315320901e-02
    -1.9881297548310175e-03 -1.6920480626594176e+02
    -7.0373668728492035e+01 8.4140564516938127e+02
    -1.7364237759683698e-01 -1.7443489889185251e-01
    1.2022743901559758e-02 -2.4474556782775466e+02
    -8.3113977194560718e+01 8.0311959265777807e+02
    -1.6817341382471790e-01 -3.1441510969066672e-01
    9.4354483657344661e-03 -3.3730255509642598e+02
    -7.9584490390123946e+01 7.5693324449448892e+02
    -1.9104308431703942e-01 -4.6338203811702638e-01
    2.7102970150598704e-02 -4.1018368439915497e+02
    -8.0579636662563303e+01 7.3314744889545113e+02
    -1.9613714734895643e-01 -5.2920859776519158e-01
    2.9671148020135041e-02 -4.5359921132115983e+02
    -8.1058798084298374e+01 7.0766184922681987e+02
    -1.8065180143754800e-01 -5.6558203675512575e-01
    2.6146142880930083e-02 -4.6543241509083293e+02
    -7.6264593707113121e+01 6.7312341166589829e+02
    -1.7969638184861714e-01 -5.7682637403715697e-01
    2.3267430393307566e-02 -4.6818097845224543e+02
    -7.5080373830608764e+01 6.6338531003274522e+02
    -1.1581759868161332e-01 -5.7956237947927658e-01
    2.4363804266227446e-02 -4.5811825068431494e+02
    -7.4283628164826212e+01 6.5800643938528481e+02
    -7.4302615033121536e-02 -5.8554773523888326e-01
    2.1491636453051927e-02 -4.5490952037299894e+02
    -7.5402133946054803e+01 6.5248233315813673e+02
    -1.3962007498294168e-01 -6.0300529699840844e-01
    1.4078263834474505e-03 -4.5606240049474155e+02
    -2.6531502037372981e+01 6.6496883181920236e+02
    -2.0385883274621511e-01 -5.7993320590302544e-01
    -2.8317608603023171e-02 -4.7147625276251119e+02
    4.1113915427103166e+01 6.9746770699107549e+02
    -2.1450607798187982e-01 -5.7049181198526344e-01
    -2.0227032686239588e-02 -4.7131721719636732e+02
    3.9761223033600650e+01 7.1435824328620311e+02
    -2.1898976286759797e-01 -5.6924590151472421e-01
    -1.3074747951520083e-02 -4.6696219493585579e+02
    3.4496833070274796e+01 7.1864766151031449e+02
    -2.1113545620577542e-01 -5.4883635507387640e-01
    -8.5893010100921031e-03 -4.4442292471772072e+02
    2.6856039007894523e+01 7.3045348324472582e+02
    -1.3602294269601750e-01 -3.2967370777877020e-01
    -6.8298960086600040e-05 -2.8851722626541908e+02
    -1.3831929580248742e+01 8.0229193906807893e+02
    -9.5131198289433894e-02 -1.3317660760901034e-01
    -7.7232487834390088e-04 -1.4923393997112379e+02
    -4.2207466059406450e+01 8.6333243595922193e+02
    -9.0209631234858881e-02 5.0286685334495713e-02
    -2.4949102418823588e-02 -4.1932460165146193e+00
    -4.6075779189699581e+01 8.8281796501262147e+02
    -8.9752067371363251e-02 2.0621314026689375e-01
    -1.4351188510828728e-03 1.2369824324029177e+02
    -2.8777586362699125e+01 8.9598416189968452e+02
    -8.2696917200756628e-02 3.0355888264427239e-01
    -1.3691095630196898e-02 1.6527244015376158e+02
    -1.9766403220316452e+01 8.9796384658647958e+02
    -1.2851445922331756e-01 4.1893572208750623e-01
    -2.0680453019946334e-02 2.0865665631916175e+02
    -1.2456158186195866e+01 9.1802742908694711e+02
    -1.4655537658176782e-01 4.7633229935940796e-01
    -3.3621570374581682e-02 2.1761383646671433e+02
    -1.0099160312491748e+01 9.0670965586661418e+02
    -1.4268838399194803e-01 4.7446458662052376e-01
    -3.2762698362404891e-02 2.0967738930921189e+02
    -1.0384057336431917e+01 9.0319028151515045e+02</data></extrinsic_parameters>
